5 4 2 0 8 3 7 6 1 NO OP
0 4 2 5 8 3 7 6 1 UP
4 0 2 5 8 3 7 6 1 RIGHT
4 8 2 5 0 3 7 6 1 DOWN
4 8 2 0 5 3 7 6 1 LEFT
4 8 2 7 5 3 0 6 1 DOWN
4 8 2 7 5 3 6 0 1 RIGHT
4 8 2 7 0 3 6 5 1 UP
4 8 2 7 3 0 6 5 1 RIGHT
4 8 0 7 3 2 6 5 1 UP
4 0 8 7 3 2 6 5 1 LEFT
4 3 8 7 0 2 6 5 1 DOWN
4 3 8 7 2 0 6 5 1 RIGHT
4 3 8 7 2 1 6 5 0 DOWN
4 3 8 7 2 1 6 0 5 LEFT
4 3 8 7 0 1 6 2 5 UP
4 3 8 7 1 0 6 2 5 RIGHT
4 3 0 7 1 8 6 2 5 UP
4 0 3 7 1 8 6 2 5 LEFT
4 1 3 7 0 8 6 2 5 DOWN
4 1 3 0 7 8 6 2 5 LEFT
0 1 3 4 7 8 6 2 5 UP
1 0 3 4 7 8 6 2 5 RIGHT
1 7 3 4 0 8 6 2 5 DOWN
1 7 3 0 4 8 6 2 5 LEFT
1 7 3 6 4 8 0 2 5 DOWN
1 7 3 6 4 8 2 0 5 RIGHT
1 7 3 6 0 8 2 4 5 UP
1 7 3 6 8 0 2 4 5 RIGHT
1 7 0 6 8 3 2 4 5 UP
1 0 7 6 8 3 2 4 5 LEFT
30
